Paso	Cluster1	Cluster2	Distancia	TamañoNuevoCluster
1	0	1	0.000	2
2	2	3	0.000	2
3	4	5	0.000	2
4	6	7	0.000	2
5	8	12	0.000	2
6	9	10	0.000	2
7	11	13	0.000	2
8	14	15	0.000	2
9	16	17	0.000	2
10	18	19	0.000	2
11	20	21	0.000	2
12	22	25	0.000	2
13	23	29	0.000	2
14	26	27	0.000	2
15	28	30	0.000	2
16	31	32	0.000	2
17	33	34	0.000	2
18	35	37	0.000	2
19	36	38	0.000	2
20	39	40	0.000	2
21	41	44	0.000	2
22	42	291	0.000	2
23	45	46	0.000	2
24	47	48	0.000	2
25	49	51	0.000	2
26	50	56	0.000	2
27	52	53	0.000	2
28	54	55	0.000	2
29	57	61	0.000	2
30	58	59	0.000	2
31	60	62	0.000	2
32	63	65	0.000	2
33	64	66	0.000	2
34	67	71	0.000	2
35	69	70	0.000	2
36	72	73	0.000	2
37	74	75	0.000	2
38	76	78	0.000	2
39	77	79	0.000	2
40	80	81	0.000	2
41	82	83	0.000	2
42	84	87	0.000	2
43	85	86	0.000	2
44	88	89	0.000	2
45	90	92	0.000	2
46	91	99	0.000	2
47	93	94	0.000	2
48	95	96	0.000	2
49	97	98	0.000	2
50	100	105	0.000	2
51	101	102	0.000	2
52	104	111	0.000	2
53	106	107	0.000	2
54	108	109	0.000	2
55	110	112	0.000	2
56	113	114	0.000	2
57	115	116	0.000	2
58	117	118	0.000	2
59	119	120	0.000	2
60	121	123	0.000	2
61	122	124	0.000	2
62	125	126	0.000	2
63	127	129	0.000	2
64	128	131	0.000	2
65	130	135	0.000	2
66	132	136	0.000	2
67	134	205	0.000	2
68	137	139	0.000	2
69	138	145	0.000	2
70	140	141	0.000	2
71	142	143	0.000	2
72	144	146	0.000	2
73	147	149	0.000	2
74	148	151	0.000	2
75	150	153	0.000	2
76	152	156	0.000	2
77	154	155	0.000	2
78	157	160	0.000	2
79	158	159	0.000	2
80	161	167	0.000	2
81	162	164	0.000	2
82	165	166	0.000	2
83	168	169	0.000	2
84	170	865	0.000	2
85	171	172	0.000	2
86	173	186	0.000	2
87	174	175	0.000	2
88	176	177	0.000	2
89	178	179	0.000	2
90	180	181	0.000	2
91	182	183	0.000	2
92	184	185	0.000	2
93	187	189	0.000	2
94	188	198	0.000	2
95	190	191	0.000	2
96	192	193	0.000	2
97	194	195	0.000	2
98	196	197	0.000	2
99	199	200	0.000	2
100	201	202	0.000	2
101	203	206	0.000	2
102	204	210	0.000	2
103	207	208	0.000	2
104	209	211	0.000	2
105	212	213	0.000	2
106	214	215	0.000	2
107	218	219	0.000	2
108	220	222	0.000	2
109	221	223	0.000	2
110	224	225	0.000	2
111	226	235	0.000	2
112	228	229	0.000	2
113	230	798	0.000	2
114	231	232	0.000	2
115	233	234	0.000	2
116	236	241	0.000	2
117	238	239	0.000	2
118	240	244	0.000	2
119	243	247	0.000	2
120	245	246	0.000	2
121	248	249	0.000	2
122	250	252	0.000	2
123	251	283	0.000	2
124	253	255	0.000	2
125	254	257	0.000	2
126	256	260	0.000	2
127	258	259	0.000	2
128	261	262	0.000	2
129	263	265	0.000	2
130	264	266	0.000	2
131	267	268	0.000	2
132	269	275	0.000	2
133	270	271	0.000	2
134	272	273	0.000	2
135	274	276	0.000	2
136	277	278	0.000	2
137	279	280	0.000	2
138	281	285	0.000	2
139	282	284	0.000	2
140	286	293	0.000	2
141	287	288	0.000	2
142	289	290	0.000	2
143	292	294	0.000	2
144	295	296	0.000	2
145	297	298	0.000	2
146	299	300	0.000	2
147	301	303	0.000	2
148	304	305	0.000	2
149	306	308	0.000	2
150	307	309	0.000	2
151	310	311	0.000	2
152	312	316	0.000	2
153	313	314	0.000	2
154	315	317	0.000	2
155	318	319	0.000	2
156	320	321	0.000	2
157	322	323	0.000	2
158	324	331	0.000	2
159	325	326	0.000	2
160	327	328	0.000	2
161	329	330	0.000	2
162	332	333	0.000	2
163	334	335	0.000	2
164	336	337	0.000	2
165	338	340	0.000	2
166	339	341	0.000	2
167	342	344	0.000	2
168	343	349	0.000	2
169	345	352	0.000	2
170	346	347	0.000	2
171	348	350	0.000	2
172	351	353	0.000	2
173	354	355	0.000	2
174	356	359	0.000	2
175	357	358	0.000	2
176	360	361	0.000	2
177	362	363	0.000	2
178	364	366	0.000	2
179	365	369	0.000	2
180	367	368	0.000	2
181	370	371	0.000	2
182	372	373	0.000	2
183	374	376	0.000	2
184	377	378	0.000	2
185	379	382	0.000	2
186	380	381	0.000	2
187	383	384	0.000	2
188	385	392	0.000	2
189	386	387	0.000	2
190	388	519	0.000	2
191	389	390	0.000	2
192	393	395	0.000	2
193	394	400	0.000	2
194	396	397	0.000	2
195	398	399	0.000	2
196	401	402	0.000	2
197	403	404	0.000	2
198	405	414	0.000	2
199	406	407	0.000	2
200	408	409	0.000	2
201	410	411	0.000	2
202	412	413	0.000	2
203	415	416	0.000	2
204	417	418	0.000	2
205	419	420	0.000	2
206	421	422	0.000	2
207	423	424	0.000	2
208	425	426	0.000	2
209	427	428	0.000	2
210	429	431	0.000	2
211	430	432	0.000	2
212	433	437	0.000	2
213	434	435	0.000	2
214	436	438	0.000	2
215	439	443	0.000	2
216	440	442	0.000	2
217	444	651	0.000	2
218	445	448	0.000	2
219	446	447	0.000	2
220	449	450	0.000	2
221	451	453	0.000	2
222	454	456	0.000	2
223	455	457	0.000	2
224	458	459	0.000	2
225	460	461	0.000	2
226	462	463	0.000	2
227	464	465	0.000	2
228	466	467	0.000	2
229	468	470	0.000	2
230	469	471	0.000	2
231	472	478	0.000	2
232	474	475	0.000	2
233	476	477	0.000	2
234	479	481	0.000	2
235	480	483	0.000	2
236	482	484	0.000	2
237	485	486	0.000	2
238	487	489	0.000	2
239	488	512	0.000	2
240	490	491	0.000	2
241	492	493	0.000	2
242	494	970	0.000	2
243	495	496	0.000	2
244	497	498	0.000	2
245	499	751	0.000	2
246	500	501	0.000	2
247	502	503	0.000	2
248	504	505	0.000	2
249	506	507	0.000	2
250	508	509	0.000	2
251	510	511	0.000	2
252	513	516	0.000	2
253	514	517	0.000	2
254	518	520	0.000	2
255	521	522	0.000	2
256	523	525	0.000	2
257	524	526	0.000	2
258	527	528	0.000	2
259	529	530	0.000	2
260	531	532	0.000	2
261	533	535	0.000	2
262	534	536	0.000	2
263	537	538	0.000	2
264	539	542	0.000	2
265	540	541	0.000	2
266	543	545	0.000	2
267	544	549	0.000	2
268	546	547	0.000	2
269	548	550	0.000	2
270	551	552	0.000	2
271	553	554	0.000	2
272	555	556	0.000	2
273	557	558	0.000	2
274	559	562	0.000	2
275	560	561	0.000	2
276	563	564	0.000	2
277	565	566	0.000	2
278	567	571	0.000	2
279	569	570	0.000	2
280	572	574	0.000	2
281	573	581	0.000	2
282	575	576	0.000	2
283	577	578	0.000	2
284	579	580	0.000	2
285	582	584	0.000	2
286	583	589	0.000	2
287	585	586	0.000	2
288	587	588	0.000	2
289	590	591	0.000	2
290	592	593	0.000	2
291	594	595	0.000	2
292	596	597	0.000	2
293	598	599	0.000	2
294	600	601	0.000	2
295	602	603	0.000	2
296	604	606	0.000	2
297	605	613	0.000	2
298	607	608	0.000	2
299	609	610	0.000	2
300	611	612	0.000	2
301	614	615	0.000	2
302	616	620	0.000	2
303	617	618	0.000	2
304	619	621	0.000	2
305	622	623	0.000	2
306	624	633	0.000	2
307	625	626	0.000	2
308	627	628	0.000	2
309	629	631	0.000	2
310	630	908	0.000	2
311	632	634	0.000	2
312	635	636	0.000	2
313	637	638	0.000	2
314	639	640	0.000	2
315	641	642	0.000	2
316	643	648	0.000	2
317	644	645	0.000	2
318	646	647	0.000	2
319	649	654	0.000	2
320	650	652	0.000	2
321	653	672	0.000	2
322	655	656	0.000	2
323	657	658	0.000	2
324	660	661	0.000	2
325	662	663	0.000	2
326	664	665	0.000	2
327	666	667	0.000	2
328	668	669	0.000	2
329	670	671	0.000	2
330	673	674	0.000	2
331	675	676	0.000	2
332	677	678	0.000	2
333	679	680	0.000	2
334	681	684	0.000	2
335	682	683	0.000	2
336	685	686	0.000	2
337	687	689	0.000	2
338	688	690	0.000	2
339	691	696	0.000	2
340	692	693	0.000	2
341	694	695	0.000	2
342	697	698	0.000	2
343	699	700	0.000	2
344	701	702	0.000	2
345	703	704	0.000	2
346	705	707	0.000	2
347	706	714	0.000	2
348	708	709	0.000	2
349	710	711	0.000	2
350	712	713	0.000	2
351	715	716	0.000	2
352	717	719	0.000	2
353	718	721	0.000	2
354	720	725	0.000	2
355	723	724	0.000	2
356	726	727	0.000	2
357	729	730	0.000	2
358	731	738	0.000	2
359	732	733	0.000	2
360	734	735	0.000	2
361	736	737	0.000	2
362	739	744	0.000	2
363	740	741	0.000	2
364	742	743	0.000	2
365	745	746	0.000	2
366	747	748	0.000	2
367	749	752	0.000	2
368	750	756	0.000	2
369	753	754	0.000	2
370	755	757	0.000	2
371	758	760	0.000	2
372	759	761	0.000	2
373	762	763	0.000	2
374	764	779	0.000	2
375	765	766	0.000	2
376	767	768	0.000	2
377	769	770	0.000	2
378	771	772	0.000	2
379	773	775	0.000	2
380	774	1122	0.000	3
381	776	777	0.000	2
382	778	780	0.000	2
383	781	786	0.000	2
384	782	783	0.000	2
385	784	785	0.000	2
386	787	791	0.000	2
387	788	789	0.000	2
388	790	797	0.000	2
389	792	793	0.000	2
390	794	795	0.000	2
391	796	799	0.000	2
392	800	801	0.000	2
393	803	804	0.000	2
394	805	807	0.000	2
395	806	808	0.000	2
396	809	810	0.000	2
397	811	812	0.000	2
398	813	860	0.000	2
399	814	817	0.000	2
400	815	816	0.000	2
401	818	819	0.000	2
402	820	821	0.000	2
403	822	823	0.000	2
404	824	826	0.000	2
405	825	827	0.000	2
406	828	830	0.000	2
407	831	834	0.000	2
408	832	833	0.000	2
409	835	841	0.000	2
410	836	837	0.000	2
411	838	839	0.000	2
412	840	842	0.000	2
413	843	844	0.000	2
414	845	851	0.000	2
415	846	847	0.000	2
416	848	849	0.000	2
417	850	852	0.000	2
418	853	854	0.000	2
419	855	858	0.000	2
420	856	857	0.000	2
421	859	861	0.000	2
422	862	864	0.000	2
423	863	867	0.000	2
424	866	868	0.000	2
425	869	870	0.000	2
426	871	879	0.000	2
427	872	874	0.000	2
428	875	876	0.000	2
429	877	878	0.000	2
430	880	883	0.000	2
431	881	882	0.000	2
432	884	886	0.000	2
433	885	888	0.000	2
434	887	890	0.000	2
435	889	895	0.000	2
436	891	892	0.000	2
437	893	897	0.000	2
438	894	1066	0.000	3
439	896	902	0.000	2
440	898	899	0.000	2
441	900	901	0.000	2
442	903	904	0.000	2
443	905	906	0.000	2
444	907	910	0.000	2
445	909	911	0.000	2
446	912	914	0.000	2
447	913	915	0.000	2
448	916	917	0.000	2
449	918	921	0.000	2
450	919	920	0.000	2
451	922	923	0.000	2
452	924	925	0.000	2
453	926	927	0.000	2
454	928	929	0.000	2
455	930	931	0.000	2
456	932	933	0.000	2
457	934	935	0.000	2
458	936	937	0.000	2
459	938	940	0.000	2
460	939	946	0.000	2
461	941	942	0.000	2
462	943	944	0.000	2
463	945	947	0.000	2
464	948	960	0.000	2
465	949	951	0.000	2
466	952	953	0.000	2
467	954	955	0.000	2
468	956	957	0.000	2
469	958	959	0.000	2
470	961	964	0.000	2
471	962	963	0.000	2
472	965	980	0.000	2
473	966	967	0.000	2
474	968	969	0.000	2
475	971	973	0.000	2
476	972	977	0.000	2
477	974	975	0.000	2
478	976	978	0.000	2
479	979	982	0.000	2
480	981	983	0.000	2
481	984	985	0.000	2
482	986	987	0.000	2
483	988	989	0.000	2
484	990	991	0.000	2
485	992	994	0.000	2
486	993	995	0.000	2
487	996	998	0.000	2
488	1000	1001	0.000	4
489	1002	1003	0.000	4
490	1004	1010	0.000	4
491	1005	1006	0.000	4
492	1007	1008	0.000	4
493	1009	1011	0.000	4
494	1012	1017	0.000	4
495	1013	1014	0.000	4
496	1015	1016	0.000	4
497	1018	1019	0.000	4
498	1020	1022	0.000	4
499	1021	1168	0.000	4
500	1023	1024	0.000	4
501	1025	1028	0.000	4
502	1026	1027	0.000	4
503	1029	1030	0.000	4
504	1031	1034	0.000	4
505	1032	1033	0.000	4
506	1035	1036	0.000	4
507	1037	1039	0.000	4
508	1038	1042	0.000	4
509	1040	1041	0.000	4
510	1043	1045	0.000	4
511	1044	1046	0.000	4
512	1047	1048	0.000	4
513	1049	1052	0.000	4
514	1050	1051	0.000	4
515	1053	1054	0.000	4
516	1055	1056	0.000	4
517	1057	1058	0.000	4
518	1059	1061	0.000	4
519	1060	1063	0.000	4
520	1062	1064	0.000	4
521	1065	1068	0.000	4
522	1067	1069	0.000	4
523	1070	1071	0.000	4
524	1072	1074	0.000	4
525	1073	1075	0.000	4
526	1076	1077	0.000	4
527	1078	1079	0.000	4
528	1080	1081	0.000	4
529	1082	1085	0.000	4
530	1084	1086	0.000	4
531	1087	1088	0.000	4
532	1089	1090	0.000	4
533	1091	1092	0.000	4
534	1093	1101	0.000	4
535	1094	1095	0.000	4
536	1096	1097	0.000	4
537	1098	1099	0.000	4
538	1100	1102	0.000	4
539	1103	1105	0.000	4
540	1104	1107	0.000	4
541	1106	1108	0.000	4
542	1109	1111	0.000	4
543	1110	1115	0.000	4
544	1112	1437	0.000	5
545	1113	1114	0.000	4
546	1116	1117	0.000	4
547	1118	1123	0.000	4
548	1119	1120	0.000	4
549	1121	1124	0.000	4
550	1125	1129	0.000	4
551	1126	1127	0.000	4
552	1128	1130	0.000	4
553	1131	1138	0.000	4
554	1132	1133	0.000	4
555	1134	1135	0.000	4
556	1136	1137	0.000	4
557	1139	1144	0.000	4
558	1140	1141	0.000	4
559	1142	1143	0.000	4
560	1145	1146	0.000	4
561	1147	1148	0.000	4
562	1149	1151	0.000	4
563	1150	1152	0.000	4
564	1153	1155	0.000	4
565	1154	1157	0.000	4
566	1156	1158	0.000	4
567	1159	1160	0.000	4
568	1161	1162	0.000	4
569	1163	1165	0.000	4
570	1164	1167	0.000	4
571	1166	1169	0.000	4
572	1170	1171	0.000	4
573	1172	1173	0.000	4
574	1174	1175	0.000	4
575	1176	1177	0.000	4
576	1178	1184	0.000	4
577	1179	1180	0.000	4
578	1181	1182	0.000	4
579	1183	1185	0.000	4
580	1186	1187	0.000	4
581	1188	1190	0.000	4
582	1189	1309	0.000	4
583	1191	1193	0.000	4
584	1192	1197	0.000	4
585	1194	1195	0.000	4
586	1196	1198	0.000	4
587	1199	1200	0.000	4
588	1201	1202	0.000	4
589	1203	1204	0.000	4
590	1205	1206	0.000	4
591	1207	1208	0.000	4
592	1209	1211	0.000	4
593	1210	1212	0.000	4
594	1213	1215	0.000	4
595	1214	1218	0.000	4
596	1217	1219	0.000	4
597	1220	1221	0.000	4
598	1222	1228	0.000	4
599	1223	1224	0.000	4
600	1225	1226	0.000	4
601	1227	1229	0.000	4
602	1230	1234	0.000	4
603	1231	1232	0.000	4
604	1233	1235	0.000	4
605	1236	1237	0.000	4
606	1238	1251	0.000	4
607	1239	1240	0.000	4
608	1242	1243	0.000	4
609	1244	1397	0.000	4
610	1245	1246	0.000	4
611	1247	1248	0.000	4
612	1249	1250	0.000	4
613	1252	1253	0.000	4
614	1254	1255	0.000	4
615	1256	1259	0.000	4
616	1257	1258	0.000	4
617	1260	1262	0.000	4
618	1261	1263	0.000	4
619	1264	1265	0.000	4
620	1266	1273	0.000	4
621	1267	1268	0.000	4
622	1269	1270	0.000	4
623	1271	1272	0.000	4
624	1274	1275	0.000	4
625	1276	1278	0.000	4
626	1277	1280	0.000	4
627	1279	1281	0.000	4
628	1282	1283	0.000	4
629	1284	1286	0.000	4
630	1285	1288	0.000	4
631	1287	1289	0.000	4
632	1290	1291	0.000	4
633	1292	1293	0.000	4
634	1294	1296	0.000	4
635	1295	1297	0.000	4
636	1298	1299	0.000	4
637	1300	1302	0.000	4
638	1301	1305	0.000	4
639	1303	1304	0.000	4
640	1306	1307	0.000	4
641	1308	1310	0.000	4
642	1311	1312	0.000	4
643	1313	1314	0.000	4
644	1315	1319	0.000	4
645	1316	1317	0.000	4
646	1318	1321	0.000	4
647	1320	1334	0.000	4
648	1322	1323	0.000	4
649	1324	1325	0.000	4
650	1326	1327	0.000	4
651	1328	1329	0.000	4
652	1330	1331	0.000	4
653	1332	1333	0.000	4
654	1335	1337	0.000	4
655	1336	1338	0.000	4
656	1339	1340	0.000	4
657	1341	1342	0.000	4
658	1343	1344	0.000	4
659	1345	1347	0.000	4
660	1346	1351	0.000	4
661	1348	1349	0.000	4
662	1350	1352	0.000	4
663	1353	1357	0.000	4
664	1354	1355	0.000	4
665	1356	1358	0.000	4
666	1359	1360	0.000	4
667	1361	1365	0.000	4
668	1362	1363	0.000	4
669	1364	1366	0.000	4
670	1367	1371	0.000	4
671	1368	1369	0.000	4
672	1370	1372	0.000	4
673	1373	1383	0.000	4
674	1374	1375	0.000	4
675	1376	1377	0.000	4
676	1378	1380	0.000	4
677	1381	1382	0.000	4
678	1384	1386	0.000	4
679	1385	1388	0.000	4
680	1387	1392	0.000	4
681	1389	1390	0.000	4
682	1391	1394	0.000	4
683	1393	1399	0.000	4
684	1395	1396	0.000	4
685	1398	1400	0.000	4
686	1401	1402	0.000	4
687	1403	1405	0.000	4
688	1404	1406	0.000	4
689	1407	1409	0.000	4
690	1408	1413	0.000	4
691	1410	1411	0.000	4
692	1412	1414	0.000	4
693	1415	1416	0.000	4
694	1417	1418	0.000	4
695	1419	1422	0.000	4
696	1420	1421	0.000	4
697	1423	1424	0.000	4
698	1425	1429	0.000	4
699	1426	1427	0.000	4
700	1428	1430	0.000	4
701	1431	1433	0.000	4
702	1432	1434	0.000	4
703	1435	1436	0.000	4
704	1438	1441	0.000	4
705	1439	1440	0.000	4
706	1442	1444	0.000	4
707	1443	1445	0.000	4
708	1446	1447	0.000	4
709	1448	1450	0.000	4
710	1449	1452	0.000	4
711	1451	1453	0.000	4
712	1454	1455	0.000	4
713	1456	1457	0.000	4
714	1458	1460	0.000	4
715	1459	1463	0.000	4
716	1461	1462	0.000	4
717	1464	1465	0.000	4
718	1466	1467	0.000	4
719	1468	1470	0.000	4
720	1469	1471	0.000	4
721	1472	1473	0.000	4
722	1474	1476	0.000	4
723	1477	1478	0.000	4
724	1479	1485	0.000	4
725	1480	1481	0.000	4
726	1482	1483	0.000	4
727	1484	1487	0.000	6
728	1486	1489	0.000	6
729	1488	1490	0.000	8
730	1491	1492	0.000	8
731	1493	1500	0.000	8
732	1494	1495	0.000	8
733	1496	1497	0.000	8
734	1498	1581	0.000	8
735	1499	1501	0.000	8
736	1502	1504	0.000	8
737	1503	1507	0.000	8
738	1505	1506	0.000	8
739	1508	1510	0.000	8
740	1509	1513	0.000	8
741	1511	1512	0.000	8
742	1514	1515	0.000	8
743	1516	1517	0.000	8
744	1518	1520	0.000	8
745	1519	1521	0.000	8
746	1522	1523	0.000	8
747	1524	1526	0.000	8
748	1525	1527	0.000	8
749	1528	1533	0.000	8
750	1529	1530	0.000	8
751	1531	1532	0.000	8
752	1534	1535	0.000	8
753	1536	1537	0.000	8
754	1538	1540	0.000	8
755	1539	1542	0.000	8
756	1541	1544	0.000	8
757	1545	1547	0.000	8
758	1546	1549	0.000	8
759	1548	1550	0.000	8
760	1551	1553	0.000	8
761	1552	1556	0.000	8
762	1554	1555	0.000	8
763	1557	1558	0.000	8
764	1559	1560	0.000	8
765	1561	1564	0.000	8
766	1562	1563	0.000	8
767	1565	1566	0.000	8
768	1567	1568	0.000	8
769	1569	1572	0.000	8
770	1570	1571	0.000	8
771	1573	1574	0.000	8
772	1575	1579	0.000	8
773	1576	1577	0.000	8
774	1578	1580	0.000	8
775	1582	1584	0.000	8
776	1583	1591	0.000	8
777	1585	1586	0.000	8
778	1587	1588	0.000	8
779	1589	1590	0.000	8
780	1592	1593	0.000	8
781	1594	1597	0.000	8
782	1595	1596	0.000	8
783	1598	1599	0.000	8
784	1600	1602	0.000	8
785	1601	1605	0.000	8
786	1603	1604	0.000	8
787	1606	1607	0.000	8
788	1609	1610	0.000	8
789	1611	1612	0.000	8
790	1613	1615	0.000	8
791	1614	1617	0.000	8
792	1616	1618	0.000	8
793	1619	1625	0.000	8
794	1620	1621	0.000	8
795	1622	1623	0.000	8
796	1624	1626	0.000	8
797	1627	1628	0.000	8
798	1629	1633	0.000	8
799	1630	1631	0.000	8
800	1632	1634	0.000	8
801	1635	1636	0.000	8
802	1637	1643	0.000	8
803	1638	1639	0.000	8
804	1640	1641	0.000	8
805	1642	1644	0.000	8
806	1645	1647	0.000	8
807	1646	1654	0.000	8
808	1648	1649	0.000	8
809	1650	1651	0.000	8
810	1652	1653	0.000	8
811	1655	1656	0.000	8
812	1657	1658	0.000	8
813	1659	1662	0.000	8
814	1660	1661	0.000	8
815	1663	1664	0.000	8
816	1665	1667	0.000	8
817	1666	1669	0.000	8
818	1668	1670	0.000	8
819	1671	1673	0.000	8
820	1672	1677	0.000	8
821	1674	1675	0.000	8
822	1676	1678	0.000	8
823	1679	1682	0.000	8
824	1680	1681	0.000	8
825	1683	1684	0.000	8
826	1685	1686	0.000	8
827	1687	1689	0.000	8
828	1688	1690	0.000	8
829	1691	1692	0.000	8
830	1693	1695	0.000	8
831	1694	1697	0.000	8
832	1696	1698	0.000	8
833	1699	1700	0.000	8
834	1701	1703	0.000	8
835	1702	1704	0.000	8
836	1705	1707	0.000	8
837	1706	1709	0.000	8
838	1708	1710	0.000	8
839	1711	1712	0.000	8
840	1713	1715	0.000	8
841	1714	1719	0.000	8
842	1716	1717	0.000	8
843	1718	1720	0.000	8
844	1721	1722	0.000	8
845	1723	1727	0.000	10
846	1724	1725	0.000	8
847	1726	1728	0.000	14
848	1729	1731	0.000	16
849	1730	1736	0.000	16
850	1732	1734	0.000	16
851	1735	1737	0.000	16
852	1738	1740	0.000	16
853	1739	1743	0.000	16
854	1741	1742	0.000	16
855	1744	1745	0.000	16
856	1746	1748	0.000	16
857	1747	1749	0.000	16
858	1750	1751	0.000	16
859	1752	1753	0.000	16
860	1754	1757	0.000	16
861	1755	1756	0.000	16
862	1758	1759	0.000	16
863	1760	1764	0.000	16
864	1761	1762	0.000	16
865	1763	1765	0.000	16
866	1766	1767	0.000	16
867	1768	1771	0.000	16
868	1769	1770	0.000	16
869	1772	1773	0.000	16
870	1774	1776	0.000	16
871	1775	1780	0.000	16
872	1777	1778	0.000	16
873	1779	1781	0.000	16
874	1782	1783	0.000	16
875	1784	1790	0.000	16
876	1785	1786	0.000	16
877	1787	1788	0.000	16
878	1789	1791	0.000	16
879	1792	1797	0.000	16
880	1793	1794	0.000	16
881	1795	1796	0.000	16
882	1798	1799	0.000	16
883	1800	1802	0.000	16
884	1801	1806	0.000	16
885	1803	1804	0.000	16
886	1805	1807	0.000	16
887	1808	1809	0.000	16
888	1810	1811	0.000	16
889	1812	1816	0.000	16
890	1813	1814	0.000	16
891	1815	1817	0.000	16
892	1818	1820	0.000	16
893	1819	1822	0.000	16
894	1821	1823	0.000	16
895	1824	1825	0.000	16
896	1826	1830	0.000	16
897	1827	1828	0.000	16
898	1829	1831	0.000	16
899	1832	1834	0.000	16
900	1833	1836	0.000	16
901	1835	1837	0.000	16
902	1838	1839	0.000	16
903	1840	1844	0.000	18
904	1841	1842	0.000	16
905	1843	1845	0.000	16
906	1846	1847	0.000	30
907	1848	1852	0.000	32
908	1849	1850	0.000	32
909	1851	1853	0.000	32
910	1854	1856	0.000	32
911	1855	1859	0.000	32
912	1857	1858	0.000	32
913	1860	1861	0.000	32
914	1862	1866	0.000	32
915	1863	1864	0.000	32
916	1865	1867	0.000	32
917	1868	1869	0.000	32
918	1870	1874	0.000	32
919	1871	1872	0.000	32
920	1873	1875	0.000	32
921	1876	1877	0.000	32
922	1878	1883	0.000	32
923	1879	1880	0.000	32
924	1881	1882	0.000	32
925	1884	1885	0.000	32
926	1886	1887	0.000	32
927	1888	1892	0.000	32
928	1889	1890	0.000	32
929	1891	1893	0.000	32
930	1894	1896	0.000	32
931	1895	1899	0.000	32
932	1897	1898	0.000	32
933	1900	1901	0.000	32
934	1902	1906	0.000	50
935	1903	1904	0.000	32
936	1905	1907	0.000	62
937	1908	1909	0.000	64
938	1910	1913	0.000	64
939	1911	1912	0.000	64
940	1914	1915	0.000	64
941	1916	1918	0.000	64
942	1917	1921	0.000	64
943	1919	1920	0.000	64
944	1922	1923	0.000	64
945	1924	1925	0.000	64
946	1926	1930	0.000	64
947	1927	1928	0.000	64
948	1929	1931	0.000	64
949	1932	1934	0.000	64
950	1933	1937	0.000	114
951	1935	1936	0.000	126
952	1938	1939	0.000	128
953	1940	1942	0.000	128
954	1941	1945	0.000	128
955	1943	1944	0.000	128
956	1946	1947	0.000	128
957	1948	1950	0.000	190
958	1949	1953	0.000	242
959	1951	1952	0.000	256
960	1954	1955	0.000	256
961	1956	1958	0.000	446
962	1959	1960	0.000	702
963	873	997	1.000	2
964	1216	1961	1.000	704
965	1733	1962	1.000	10
966	217	1475	1.414	3
967	441	1964	1.414	11
968	802	1963	1.414	705
969	1966	1967	1.414	716
970	227	1957	1.732	243
971	375	1241	1.732	3
972	659	1379	1.732	4
973	1543	1608	1.732	9
974	1971	1972	1.732	13
975	43	1968	2.000	717
976	216	1969	2.236	244
977	722	1973	2.236	14
978	1970	1976	2.236	17
979	1083	1974	2.449	719
980	133	1978	3.000	720
981	163	1975	3.000	245
982	1965	1977	3.000	20
983	24	999	3.162	2
984	1980	1982	4.899	247
985	242	1983	5.099	248
